time;cc;earfcn;pci;rsrp;pl;cfo;pci_neigh;rsrp_neigh;cfo_neigh;dl_mcs;dl_snr;dl_turbo;dl_brate;dl_bler;ul_ta;distance_km;speed_kmph;ul_mcs;ul_buff;ul_brate;ul_bler;rf_o;rf_u;rf_l;is_attached;proc_rmem;proc_rmem_kB;proc_vmem_kB;sys_mem;sys_load;thread_count;cpu_0;cpu_1;cpu_2;cpu_3
19;0;4294967295;0;0.0;0.0;0.0;n/a;n/a;n/a;0.0;0.0;0.0;0.0;0.0;0.0;0.0;0.0;0.0;0.0;0.0;0.0;0.0;0.0;0.0;0.0;10;821724;1505360;63;0.0;21;0.0;0.0;0.0;0.0
38;0;4294967295;0;0.0;0.0;0.0;n/a;n/a;n/a;0.0;0.0;0.0;0.0;0.0;0.0;0.0;0.0;0.0;0.0;0.0;0.0;0.0;0.0;0.0;0.0;10;821724;1505360;63;0.0;21;47;47;47;47
57;0;4294967295;0;0.0;0.0;0.0;n/a;n/a;n/a;0.0;0.0;0.0;0.0;0.0;0.0;0.0;0.0;0.0;0.0;0.0;0.0;0.0;0.0;0.0;0.0;10;821724;1505360;63;0.0;21;0.0;0.0;0.0;0.0
76;0;4294967295;0;0.0;0.0;0.0;n/a;n/a;n/a;0.0;0.0;0.0;0.0;0.0;0.0;0.0;0.0;0.0;0.0;0.0;0.0;0.0;0.0;0.0;0.0;10;821724;1505360;63;0.0;21;0.0;0.0;0.0;0.0
95;0;3350;0;0.0;0.0;0.0;n/a;n/a;n/a;0.0;0.0;0.0;0.0;0.0;0.0;0.0;0.0;0.0;0.0;0.0;0.0;0.0;0.0;0.0;0.0;10;821724;1505360;63;5.4;21;7.7;7.7;7.7;11
95;0;3350;1;-82;82;542;n/a;n/a;n/a;0.0;26;0.0;0.0;0.0;0.0;0.0;0.0;0.0;0.0;0.0;0.0;0.0;0.0;0.0;0.0;11;835976;1505360;63;17;21;67;33;67;33
95;0;3350;1;-82;82;542;n/a;n/a;n/a;0.0;25;0.0;0.0;0.0;0.0;0.0;0.0;0.0;0.0;0.0;0.0;0.0;0.0;0.0;0.0;0.0;0;0;0.0;0.0;0;0.0;0.0;0.0;0.0
98;0;3350;1;-82;82;546;n/a;n/a;n/a;0.0;24;0.0;0.0;0.0;0.0;0.0;0.0;0.0;0.0;0.0;0.0;0.0;0.0;0.0;0.0;0.0;0;0;0.0;0.0;0;0.0;0.0;0.0;0.0
117;0;3350;1;-82;82;560;n/a;n/a;n/a;0.0;22;0.0;0.0;0.0;0.0;0.0;0.0;0.0;0.0;0.0;0.0;0.0;0.0;0.0;0.0;11;835976;1570896;63;11;21;13;13;0.0;13
136;0;3350;1;-82;82;568;n/a;n/a;n/a;15;22;1.0;45200.000000;0;0.0;0.0;0.0;0.0;0.0;0.0;0.0;0.0;0.0;0.0;0.0;11;835976;1570896;63;0.0;21;47;0.0;0.0;0.0
155;0;3350;1;-82;82;570;n/a;n/a;n/a;0.0;21;0.0;0.0;0.0;0.0;0.0;0.0;0.0;0.0;0.0;0.0;0.0;0.0;0.0;0.0;11;835976;1636432;63;12;21;0.0;50;50;50
174;0;3350;1;-82;82;570;n/a;n/a;n/a;0.0;20;0.0;0.0;0.0;0.0;0.0;0.0;0.0;0.0;0.0;0.0;0.0;0.0;0.0;0.0;11;835976;1636432;63;12;21;50;0.0;50;0.0
193;0;3350;1;-82;82;572;n/a;n/a;n/a;0.0;21;0.0;0.0;0.0;0.0;0.0;0.0;0.0;0.0;0.0;0.0;0.0;0.0;0.0;0.0;11;835976;1636432;63;0.0;21;0.0;50;0.0;50
212;0;3350;1;-82;82;573;n/a;n/a;n/a;0.0;22;0.0;0.0;0.0;0.0;0.0;0.0;0.0;0.0;0.0;0.0;0.0;0.0;0.0;0.0;11;835976;1636432;63;0.0;21;47;0.0;0.0;47
231;0;3350;1;-82;82;572;n/a;n/a;n/a;0.0;21;0.0;0.0;0.0;0.0;0.0;0.0;0.0;0.0;0.0;0.0;0.0;0.0;0.0;0.0;11;835976;1636432;63;12;21;0.0;0.0;50;0.0
250;0;3350;1;-83;83;573;n/a;n/a;n/a;7.0;22;1.0;16400.000000;0;0.0;0.0;0.0;0.0;6.0;0.0;0.0;0.0;0.0;0.0;0.0;11;835976;1701968;63;26;21;0.0;0.0;0.0;0.0
269;0;3350;1;-82;82;572;n/a;n/a;n/a;2.7;21;1.0;12800.000000;0;0.52;0.078;0.0;0.0;42;2800.000000;0;0.0;0.0;0.0;1.0;11;837820;1701968;63;0.0;21;50;50;0.0;50
288;0;3350;1;-82;82;571;n/a;n/a;n/a;0.0;21;0.0;0.0;0.0;0.52;0.078;0.0;0.0;0.0;0.0;0;0.0;0.0;0.0;1.0;11;837820;1701968;63;26;21;47;47;100;47
307;0;3350;1;-82;82;572;n/a;n/a;n/a;2.0;19;1.0;10000.000000;0;0.52;0.078;0.0;22;0.0;62800.000000;0;0.0;0.0;0.0;1.0;11;837820;1701968;63;13;21;47;0.0;0.0;0.0
326;0;3350;1;-82;82;571;n/a;n/a;n/a;2.0;19;1.0;10000.000000;0;0.52;0.078;0.0;22;0.0;206800.000000;0;0.0;0.0;0.0;1.0;11;837820;1701968;63;0.0;21;0.0;0.0;0.0;0.0
345;0;3350;1;-82;82;571;n/a;n/a;n/a;18;18;1.0;51200.000000;0;0.52;0.078;0.0;0.0;34;206800.000000;0;0.0;0.0;0.0;1.0;11;847852;1775700;63;39;22;100;47;47;100
364;0;3350;1;-82;82;572;n/a;n/a;n/a;0.0;18;0.0;0.0;0.0;0.52;0.078;0.0;22;0.0;0.0;0;0.0;0.0;0.0;1.0;11;847852;1775700;63;12;22;50;50;50;50
383;0;3350;1;-82;82;571;n/a;n/a;n/a;0.0;20;1.0;5600.000000;0;0.52;0.078;0.0;0.0;0.0;206800.000000;0;0.0;0.0;0.0;1.0;11;847852;1775700;63;26;22;47;100;100;47
402;0;3350;1;-82;82;572;n/a;n/a;n/a;0.0;22;0.0;0.0;0.0;0.52;0.078;0.0;0.0;0.0;0.0;0.0;0.0;0.0;0.0;1.0;11;847852;1775700;63;12;22;100;50;50;50
421;0;3350;1;-82;82;572;n/a;n/a;n/a;0.0;23;0.0;0.0;0.0;0.52;0.078;0.0;0.0;0.0;0.0;0.0;0.0;0.0;0.0;1.0;11;847852;1775700;63;0.0;22;47;0.0;0.0;0.0
440;0;3350;1;-82;82;573;n/a;n/a;n/a;0.0;22;0.0;0.0;0.0;0.52;0.078;0.0;0.0;0.0;0.0;0.0;0.0;0.0;0.0;1.0;11;847852;1775700;63;25;22;0.0;50;0.0;50
459;0;3350;1;-82;82;573;n/a;n/a;n/a;0.0;22;0.0;0.0;0.0;0.52;0.078;0.0;0.0;0.0;0.0;0.0;0.0;0.0;0.0;1.0;11;847852;1775700;63;0.0;22;47;0.0;47;0.0
478;0;3350;1;-82;82;573;n/a;n/a;n/a;0.0;21;0.0;0.0;0.0;0.52;0.078;0.0;0.0;0.0;0.0;0.0;0.0;0.0;0.0;1.0;11;847852;1775700;63;12;22;0.0;0.0;0.0;0.0
497;0;3350;1;-82;82;573;n/a;n/a;n/a;0.0;21;0.0;0.0;0.0;0.52;0.078;0.0;0.0;0.0;0.0;0.0;0.0;0.0;0.0;1.0;11;847852;1775700;63;26;22;47;0.0;0.0;0.0
516;0;3350;1;-82;82;573;n/a;n/a;n/a;0.0;23;0.0;0.0;0.0;0.52;0.078;0.0;0.0;0.0;0.0;0.0;0.0;0.0;0.0;1.0;11;847852;1775700;63;0.0;22;0.0;0.0;0.0;50
535;0;3350;1;-82;82;573;n/a;n/a;n/a;12;23;1.0;29200.000000;0;0.52;0.078;0.0;0.0;2.0;0.0;0.0;0.0;0.0;0.0;1.0;11;847852;1775700;63;13;22;0.0;0.0;47;0.0
554;0;3350;1;-82;82;574;n/a;n/a;n/a;0.0;22;0.0;0.0;0.0;0.52;0.078;0.0;22;0.0;0.0;0;0.0;0.0;0.0;1.0;11;847852;1775700;63;13;22;47;47;0.0;47
573;0;3350;1;-82;82;575;n/a;n/a;n/a;0.0;21;0.0;0.0;0.0;0.52;0.078;0.0;0.0;0.0;206800.000000;0;0.0;0.0;0.0;1.0;11;847852;1775700;63;25;22;50;50;50;0.0
592;0;3350;1;-82;82;575;n/a;n/a;n/a;0.0;22;0.0;0.0;0.0;0.52;0.078;0.0;0.0;0.0;0.0;0.0;0.0;0.0;0.0;1.0;11;847852;1775700;63;0.0;22;50;0.0;50;0.0
611;0;3350;1;-82;82;575;n/a;n/a;n/a;0.0;22;0.0;0.0;0.0;0.52;0.078;0.0;0.0;0.0;0.0;0.0;0.0;0.0;0.0;1.0;11;847852;1775700;63;13;22;0.0;0.0;0.0;47
630;0;3350;1;-82;82;575;n/a;n/a;n/a;0.0;23;0.0;0.0;0.0;0.52;0.078;0.0;0.0;0.0;0.0;0.0;0.0;0.0;0.0;1.0;11;847852;1775700;63;12;22;50;0.0;50;0.0
649;0;3350;1;-82;82;574;n/a;n/a;n/a;0.0;23;0.0;0.0;0.0;0.52;0.078;0.0;0.0;0.0;0.0;0.0;0.0;0.0;0.0;1.0;11;847984;1775700;63;13;21;0.0;47;0.0;0.0
668;0;3350;1;-82;82;574;n/a;n/a;n/a;0.0;21;0.0;0.0;0.0;0.52;0.078;0.0;0.0;0.0;0.0;0.0;0.0;0.0;0.0;1.0;11;847984;1775700;63;0.0;21;47;0.0;0.0;47
687;0;3350;1;-82;82;574;n/a;n/a;n/a;0.0;21;0.0;0.0;0.0;0.52;0.078;0.0;0.0;0.0;0.0;0.0;0.0;0.0;0.0;1.0;11;847984;1775700;63;25;21;0.0;0.0;0.0;0.0
706;0;3350;1;-82;82;574;n/a;n/a;n/a;0.0;22;0.0;0.0;0.0;0.52;0.078;0.0;0.0;0.0;0.0;0.0;0.0;0.0;0.0;1.0;11;847984;1775700;63;0.0;21;0.0;0.0;47;0.0
725;0;3350;1;-82;82;574;n/a;n/a;n/a;0.0;21;0.0;0.0;0.0;0.52;0.078;0.0;0.0;0.0;0.0;0.0;0.0;0.0;0.0;1.0;11;847984;1775700;63;26;21;47;0.0;0.0;47
744;0;3350;1;-82;82;574;n/a;n/a;n/a;0.0;22;0.0;0.0;0.0;0.52;0.078;0.0;0.0;0.0;0.0;0.0;0.0;0.0;0.0;1.0;11;847984;1775700;63;0.0;21;0.0;0.0;0.0;0.0
763;0;3350;1;-82;82;575;n/a;n/a;n/a;0.0;23;0.0;0.0;0.0;0.52;0.078;0.0;0.0;0.0;0.0;0.0;0.0;0.0;0.0;1.0;11;847984;1775700;63;12;21;50;0.0;0.0;0.0
782;0;3350;1;-82;82;575;n/a;n/a;n/a;0.0;22;0.0;0.0;0.0;0.52;0.078;0.0;0.0;0.0;0.0;0.0;0.0;0.0;0.0;1.0;11;847984;1775700;63;13;21;0.0;0.0;47;0.0
801;0;3350;1;-82;82;575;n/a;n/a;n/a;0.0;22;0.0;0.0;0.0;0.52;0.078;0.0;0.0;0.0;0.0;0.0;0.0;0.0;0.0;1.0;11;847984;1775700;63;12;21;0.0;50;0.0;50
820;0;3350;1;-82;82;575;n/a;n/a;n/a;0.0;21;0.0;0.0;0.0;0.52;0.078;0.0;0.0;0.0;0.0;0.0;0.0;0.0;0.0;1.0;11;847984;1775700;63;13;21;47;0.0;0.0;0.0
839;0;3350;1;-82;82;575;n/a;n/a;n/a;0.0;22;0.0;0.0;0.0;0.52;0.078;0.0;0.0;0.0;0.0;0.0;0.0;0.0;0.0;1.0;11;847984;1775700;63;0.0;21;0.0;0.0;0.0;0.0
858;0;3350;1;-82;82;574;n/a;n/a;n/a;0.0;22;0.0;0.0;0.0;0.52;0.078;0.0;0.0;0.0;0.0;0.0;0.0;0.0;0.0;1.0;11;847984;1775700;63;26;21;47;47;0.0;47
877;0;3350;1;-82;82;574;n/a;n/a;n/a;0.0;23;0.0;0.0;0.0;0.52;0.078;0.0;0.0;0.0;0.0;0.0;0.0;0.0;0.0;1.0;11;847984;1775700;63;0.0;21;0.0;0.0;0.0;0.0
896;0;3350;1;-82;82;574;n/a;n/a;n/a;0.0;23;0.0;0.0;0.0;0.52;0.078;0.0;0.0;0.0;0.0;0.0;0.0;0.0;0.0;1.0;11;847984;1775700;63;13;21;47;0.0;47;0.0
915;0;3350;1;-82;82;574;n/a;n/a;n/a;0.0;22;0.0;0.0;0.0;0.52;0.078;0.0;0.0;0.0;0.0;0.0;0.0;0.0;0.0;1.0;11;847984;1775700;63;12;21;0.0;0.0;0.0;0.0
934;0;3350;1;-82;82;575;n/a;n/a;n/a;0.0;22;0.0;0.0;0.0;0.52;0.078;0.0;0.0;0.0;0.0;0.0;0.0;0.0;0.0;1.0;11;847984;1775700;63;12;21;50;50;0.0;50
953;0;3350;1;-82;82;575;n/a;n/a;n/a;0.0;21;0.0;0.0;0.0;0.52;0.078;0.0;0.0;0.0;0.0;0.0;0.0;0.0;0.0;1.0;11;847984;1775700;63;13;21;0.0;0.0;0.0;0.0
972;0;3350;1;-82;82;574;n/a;n/a;n/a;0.0;21;0.0;0.0;0.0;0.52;0.078;0.0;0.0;0.0;0.0;0.0;0.0;0.0;0.0;1.0;11;847984;1775700;63;13;21;0.0;0.0;0.0;0.0
991;0;3350;1;-82;82;576;n/a;n/a;n/a;0.0;23;0.0;0.0;0.0;0.52;0.078;0.0;0.0;0.0;0.0;0.0;0.0;0.0;0.0;1.0;11;847984;1775700;63;12;21;50;50;0.0;0.0
1010;0;3350;1;-82;82;577;n/a;n/a;n/a;0.0;22;0.0;0.0;0.0;0.52;0.078;0.0;0.0;0.0;0.0;0.0;0.0;0.0;0.0;1.0;11;847984;1775700;63;13;21;0.0;0.0;47;47
1029;0;3350;1;-82;82;578;n/a;n/a;n/a;0.0;22;0.0;0.0;0.0;0.52;0.078;0.0;0.0;0.0;0.0;0.0;0.0;0.0;0.0;1.0;11;847984;1775700;63;12;21;50;0.0;0.0;0.0
1048;0;3350;1;-82;82;577;n/a;n/a;n/a;0.0;21;0.0;0.0;0.0;0.52;0.078;0.0;0.0;0.0;0.0;0.0;0.0;0.0;0.0;1.0;11;847984;1775700;63;0.0;21;0.0;0.0;0.0;0.0
1067;0;3350;1;-82;82;578;n/a;n/a;n/a;0.0;21;0.0;0.0;0.0;0.52;0.078;0.0;0.0;0.0;0.0;0.0;0.0;0.0;0.0;1.0;11;847984;1775700;63;13;21;0.0;47;0.0;47
1086;0;3350;1;-82;82;579;n/a;n/a;n/a;0.0;19;0.0;0.0;0.0;0.52;0.078;0.0;0.0;0.0;0.0;0.0;0.0;0.0;0.0;1.0;11;847984;1775700;63;12;21;50;0.0;0.0;0.0
1105;0;3350;1;-82;82;581;n/a;n/a;n/a;0.0;19;0.0;0.0;0.0;0.52;0.078;0.0;0.0;0.0;0.0;0.0;0.0;0.0;0.0;1.0;11;847984;1775700;63;25;21;0.0;0.0;0.0;0.0
1124;0;3350;1;-82;82;582;n/a;n/a;n/a;0.0;21;0.0;0.0;0.0;0.52;0.078;0.0;0.0;0.0;0.0;0.0;0.0;0.0;0.0;1.0;11;847984;1775700;63;0.0;21;47;47;0.0;47
1143;0;3350;1;-82;82;582;n/a;n/a;n/a;0.0;22;0.0;0.0;0.0;0.52;0.078;0.0;0.0;0.0;0.0;0.0;0.0;0.0;0.0;1.0;11;847984;1775700;63;12;21;0.0;0.0;50;0.0
1162;0;3350;1;-82;82;583;n/a;n/a;n/a;0.0;21;0.0;0.0;0.0;0.52;0.078;0.0;0.0;0.0;0.0;0.0;0.0;0.0;0.0;1.0;11;847984;1775700;63;25;21;0.0;0.0;0.0;50
1181;0;3350;1;-82;82;584;n/a;n/a;n/a;0.0;21;0.0;0.0;0.0;0.52;0.078;0.0;0.0;0.0;0.0;0.0;0.0;0.0;0.0;1.0;11;847984;1775700;63;0.0;21;47;0.0;0.0;0.0
1200;0;3350;1;-82;82;583;n/a;n/a;n/a;0.0;20;0.0;0.0;0.0;0.52;0.078;0.0;0.0;0.0;0.0;0.0;0.0;0.0;0.0;1.0;11;847984;1775700;63;12;21;0.0;50;0.0;0.0
1219;0;3350;1;-82;82;583;n/a;n/a;n/a;0.0;21;0.0;0.0;0.0;0.52;0.078;0.0;0.0;0.0;0.0;0.0;0.0;0.0;0.0;1.0;11;847984;1775700;63;12;21;50;0.0;0.0;50
1238;0;3350;1;-82;82;584;n/a;n/a;n/a;0.0;22;0.0;0.0;0.0;0.52;0.078;0.0;0.0;0.0;0.0;0.0;0.0;0.0;0.0;1.0;11;847984;1775700;63;12;21;0.0;0.0;0.0;0.0
1257;0;3350;1;-82;82;584;n/a;n/a;n/a;0.0;21;0.0;0.0;0.0;0.52;0.078;0.0;0.0;0.0;0.0;0.0;0.0;0.0;0.0;1.0;11;847984;1775700;63;13;21;0.0;0.0;0.0;0.0
1276;0;3350;1;-82;82;585;n/a;n/a;n/a;0.0;22;0.0;0.0;0.0;0.52;0.078;0.0;0.0;0.0;0.0;0.0;0.0;0.0;0.0;1.0;11;847984;1775700;63;12;21;50;50;50;50
1295;0;3350;1;-82;82;585;n/a;n/a;n/a;0.0;21;0.0;0.0;0.0;0.52;0.078;0.0;0.0;0.0;0.0;0.0;0.0;0.0;0.0;1.0;11;847984;1775700;63;12;21;0.0;0.0;0.0;0.0
1314;0;3350;1;-82;82;584;n/a;n/a;n/a;0.0;21;0.0;0.0;0.0;0.52;0.078;0.0;0.0;0.0;0.0;0.0;0.0;0.0;0.0;1.0;11;847984;1775700;63;0.0;21;47;0.0;0.0;0.0
1333;0;3350;1;-82;82;584;n/a;n/a;n/a;0.0;22;0.0;0.0;0.0;0.52;0.078;0.0;0.0;0.0;0.0;0.0;0.0;0.0;0.0;1.0;11;847984;1775700;63;25;21;0.0;0.0;0.0;50
1352;0;3350;1;-82;82;584;n/a;n/a;n/a;0.0;22;0.0;0.0;0.0;0.52;0.078;0.0;0.0;0.0;0.0;0.0;0.0;0.0;0.0;1.0;11;847984;1775700;63;12;21;50;0.0;0.0;0.0
1371;0;3350;1;-82;82;585;n/a;n/a;n/a;0.0;22;0.0;0.0;0.0;0.52;0.078;0.0;0.0;0.0;0.0;0.0;0.0;0.0;0.0;1.0;11;847984;1775700;63;13;21;0.0;47;0.0;0.0
1390;0;3350;1;-82;82;584;n/a;n/a;n/a;0.0;22;0.0;0.0;0.0;0.52;0.078;0.0;0.0;0.0;0.0;0.0;0.0;0.0;0.0;1.0;11;847984;1775700;63;0.0;21;0.0;0.0;0.0;50
1409;0;3350;1;-82;82;586;n/a;n/a;n/a;0.0;21;0.0;0.0;0.0;0.52;0.078;0.0;0.0;0.0;0.0;0.0;0.0;0.0;0.0;1.0;11;847984;1775700;63;25;21;50;0.0;0.0;0.0
1428;0;3350;1;-82;82;584;n/a;n/a;n/a;0.0;22;0.0;0.0;0.0;0.52;0.078;0.0;0.0;0.0;0.0;0.0;0.0;0.0;0.0;1.0;11;847984;1775700;63;13;21;0.0;47;47;47
1447;0;3350;1;-81;81;585;n/a;n/a;n/a;0.0;13;0.0;0.0;0.0;0.52;0.078;0.0;0.0;0.0;0.0;0.0;0.0;0.0;0.0;1.0;11;847984;1775700;63;12;21;50;0.0;0.0;0.0
1466;0;3350;1;-81;81;588;n/a;n/a;n/a;0.0;11;0.0;0.0;0.0;0.52;0.078;0.0;0.0;0.0;0.0;0.0;0.0;0.0;0.0;1.0;11;847984;1775700;63;0.0;21;0.0;0.0;0.0;50
1485;0;3350;1;-81;81;586;n/a;n/a;n/a;0.0;9.9;0.0;0.0;0.0;0.52;0.078;0.0;0.0;0.0;0.0;0.0;0.0;0.0;0.0;1.0;11;847984;1775700;63;26;21;0.0;0.0;0.0;0.0
1504;0;3350;1;-81;81;584;n/a;n/a;n/a;0.0;9.9;0.0;0.0;0.0;0.52;0.078;0.0;0.0;0.0;0.0;0.0;0.0;0.0;0.0;1.0;11;847984;1775700;63;12;21;50;50;0.0;50
1523;0;3350;1;-81;81;578;n/a;n/a;n/a;0.0;10.0;0.0;0.0;0.0;0.52;0.078;0.0;0.0;0.0;0.0;0.0;0.0;0.0;0.0;1.0;11;847984;1775700;63;25;21;0.0;0.0;0.0;50
1542;0;3350;1;-81;81;579;n/a;n/a;n/a;0.0;10;0.0;0.0;0.0;0.52;0.078;0.0;0.0;0.0;0.0;0.0;0.0;0.0;0.0;1.0;11;847984;1775700;63;0.0;21;50;0.0;0.0;0.0
1561;0;3350;1;-81;81;583;n/a;n/a;n/a;0.0;9.8;0.0;0.0;0.0;0.52;0.078;0.0;0.0;0.0;0.0;0.0;0.0;0.0;0.0;1.0;11;847984;1775700;63;26;21;0.0;0.0;47;47
1580;0;3350;1;-81;81;579;n/a;n/a;n/a;0.0;10.0;0.0;0.0;0.0;0.52;0.078;0.0;0.0;0.0;0.0;0.0;0.0;0.0;0.0;1.0;11;847984;1775700;63;12;21;0.0;50;0.0;50
1599;0;3350;1;-81;81;576;n/a;n/a;n/a;0.0;9.7;0.0;0.0;0.0;0.52;0.078;0.0;22;0.0;0.0;0;0.0;0.0;0.0;1.0;11;847984;1775700;63;13;21;47;0.0;0.0;0.0
1618;0;3350;1;-82;82;582;n/a;n/a;n/a;2.0;14;1.0;10000.000000;0;0.52;0.078;0.0;22;0.0;206800.000000;0;0.0;0.0;0.0;1.0;11;847984;1775700;63;25;21;0.0;0.0;0.0;50
1637;0;3350;1;-83;83;580;n/a;n/a;n/a;0.0;21;0.0;0.0;0.0;0.52;0.078;0.0;0.0;0.0;206800.000000;0;0.0;0.0;0.0;1.0;11;847984;1775700;63;13;21;47;47;47;0.0
1656;0;3350;1;-82;82;580;n/a;n/a;n/a;0.0;23;0.0;0.0;0.0;0.52;0.078;0.0;0.0;0.0;0.0;0.0;0.0;0.0;0.0;1.0;11;847984;1775700;63;12;21;50;50;50;100
1675;0;3350;1;-82;82;580;n/a;n/a;n/a;0.0;20;0.0;0.0;0.0;0.52;0.078;0.0;0.0;0.0;0.0;0.0;0.0;0.0;0.0;0.0;11;847984;1775700;63;13;21;47;0.0;0.0;0.0
1694;0;3350;1;-81;81;577;n/a;n/a;n/a;0.0;12;0.0;0.0;0.0;0.52;0.078;0.0;0.0;0.0;0.0;0.0;0.0;0.0;0.0;0.0;11;847984;1775700;63;12;21;0.0;50;0.0;0.0
1713;0;3350;1;-81;81;576;n/a;n/a;n/a;0.0;10;0.0;0.0;0.0;0.52;0.078;0.0;0.0;0.0;0.0;0.0;0.0;0.0;0.0;0.0;11;847984;1775700;63;12;21;100;0.0;100;100
1732;0;3350;1;-81;81;575;n/a;n/a;n/a;0.0;10;0.0;0.0;0.0;0.52;0.078;0.0;0.0;0.0;0.0;0.0;0.0;0.0;0.0;0.0;11;847984;1775700;63;13;21;0.0;0.0;0.0;0.0
1751;0;3350;1;-81;81;577;n/a;n/a;n/a;0.0;9.8;0.0;0.0;0.0;0.52;0.078;0.0;0.0;0.0;0.0;0.0;0.0;0.0;0.0;0.0;11;847984;1775700;63;13;21;0.0;47;0.0;47
1770;0;3350;1;-81;81;578;n/a;n/a;n/a;0.0;10;0.0;0.0;0.0;0.52;0.078;0.0;0.0;0.0;0.0;0.0;0.0;0.0;0.0;0.0;11;847984;1775700;63;13;21;47;0.0;0.0;0.0
1789;0;3350;1;-81;81;580;n/a;n/a;n/a;0.0;9.2;0.0;0.0;0.0;0.52;0.078;0.0;0.0;0.0;0.0;0.0;0.0;0.0;0.0;0.0;11;847984;1775700;63;12;21;0.0;0.0;0.0;0.0
1808;0;3350;1;-81;81;573;n/a;n/a;n/a;0.0;9.3;0.0;0.0;0.0;0.52;0.078;0.0;0.0;0.0;0.0;0.0;0.0;0.0;0.0;0.0;11;847984;1775700;63;13;21;47;47;47;47
1827;0;3350;1;-81;81;575;n/a;n/a;n/a;0.0;9.9;0.0;0.0;0.0;0.52;0.078;0.0;0.0;0.0;0.0;0.0;0.0;0.0;0.0;0.0;11;847984;1775700;63;12;21;0.0;0.0;0.0;0.0
1846;0;3350;1;-81;81;577;n/a;n/a;n/a;0.0;11;0.0;0.0;0.0;0.52;0.078;0.0;0.0;0.0;0.0;0.0;0.0;0.0;0.0;0.0;11;847984;1775700;63;0.0;21;47;0.0;0.0;0.0
1865;0;3350;1;-81;81;579;n/a;n/a;n/a;0.0;12;0.0;0.0;0.0;0.52;0.078;0.0;0.0;0.0;0.0;0.0;0.0;0.0;0.0;0.0;11;847984;1775700;63;13;21;0.0;0.0;0.0;47
1884;0;3350;1;-81;81;575;n/a;n/a;n/a;0.0;10;0.0;0.0;0.0;0.52;0.078;0.0;0.0;0.0;0.0;0.0;0.0;0.0;0.0;0.0;11;847984;1775700;63;13;21;0.0;0.0;0.0;0.0
1903;0;3350;1;-81;81;574;n/a;n/a;n/a;0.0;9.8;0.0;0.0;0.0;0.52;0.078;0.0;0.0;0.0;0.0;0.0;0.0;0.0;0.0;0.0;11;847984;1775700;63;12;21;50;50;0.0;0.0
1922;0;3350;1;-82;82;570;n/a;n/a;n/a;0.0;14;0.0;0.0;0.0;0.52;0.078;0.0;0.0;0.0;0.0;0.0;0.0;0.0;0.0;0.0;11;847984;1775700;63;13;21;0.0;0.0;0.0;47
1941;0;3350;1;-82;82;569;n/a;n/a;n/a;0.0;18;0.0;0.0;0.0;0.52;0.078;0.0;0.0;0.0;0.0;0.0;0.0;0.0;0.0;0.0;11;847984;1775700;63;13;21;47;0.0;0.0;0.0
1960;0;3350;1;-81;81;572;n/a;n/a;n/a;0.0;13;0.0;0.0;0.0;0.52;0.078;0.0;0.0;0.0;0.0;0.0;0.0;0.0;0.0;0.0;11;847984;1775700;63;13;21;0.0;47;47;0.0
1979;0;3350;1;-81;81;572;n/a;n/a;n/a;0.0;9.9;0.0;0.0;0.0;0.52;0.078;0.0;0.0;0.0;0.0;0.0;0.0;0.0;0.0;0.0;11;847984;1775700;63;12;21;0.0;0.0;0.0;50
1998;0;3350;1;-81;81;571;n/a;n/a;n/a;0.0;9.8;0.0;0.0;0.0;0.52;0.078;0.0;0.0;0.0;0.0;0.0;0.0;0.0;0.0;0.0;11;847984;1775700;63;12;21;50;0.0;0.0;0.0
2017;0;3350;1;-81;81;573;n/a;n/a;n/a;0.0;9.8;0.0;0.0;0.0;0.52;0.078;0.0;0.0;0.0;0.0;0.0;0.0;0.0;0.0;0.0;11;847984;1775700;63;0.0;21;0.0;0.0;0.0;0.0
2036;0;3350;1;-81;81;573;n/a;n/a;n/a;0.0;9.7;0.0;0.0;0.0;0.52;0.078;0.0;0.0;0.0;0.0;0.0;0.0;0.0;0.0;0.0;11;847984;1775700;63;13;21;47;47;0.0;47
2055;0;3350;1;-81;81;576;n/a;n/a;n/a;0.0;11;0.0;0.0;0.0;0.52;0.078;0.0;0.0;0.0;0.0;0.0;0.0;0.0;0.0;0.0;11;847984;1775700;63;12;21;0.0;0.0;0.0;0.0
2074;0;3350;1;-81;81;572;n/a;n/a;n/a;0.0;9.9;0.0;0.0;0.0;0.52;0.078;0.0;0.0;0.0;0.0;0.0;0.0;0.0;0.0;0.0;11;847984;1775700;63;13;21;0.0;0.0;0.0;0.0
2093;0;3350;1;-80;80;569;n/a;n/a;n/a;0.0;8.7;0.0;0.0;0.0;0.52;0.078;0.0;0.0;0.0;0.0;0.0;0.0;0.0;0.0;0.0;11;847984;1775700;63;13;21;47;0.0;47;47
2112;0;3350;1;-81;81;572;n/a;n/a;n/a;0.0;10.0;0.0;0.0;0.0;0.52;0.078;0.0;0.0;0.0;0.0;0.0;0.0;0.0;0.0;0.0;11;847984;1775700;63;0.0;21;0.0;50;0.0;0.0
2131;0;3350;1;-81;81;576;n/a;n/a;n/a;0.0;11;0.0;0.0;0.0;0.52;0.078;0.0;0.0;0.0;0.0;0.0;0.0;0.0;0.0;0.0;11;847984;1775700;63;13;21;47;0.0;0.0;0.0
2150;0;3350;1;-81;81;574;n/a;n/a;n/a;0.0;9.9;0.0;0.0;0.0;0.52;0.078;0.0;0.0;0.0;0.0;0.0;0.0;0.0;0.0;0.0;11;847984;1775700;63;13;21;0.0;0.0;0.0;47
2169;0;3350;1;-81;81;576;n/a;n/a;n/a;0.0;9.2;0.0;0.0;0.0;0.52;0.078;0.0;0.0;0.0;0.0;0.0;0.0;0.0;0.0;0.0;11;847984;1775700;63;12;21;0.0;0.0;0.0;0.0
2188;0;3350;1;-80;80;581;n/a;n/a;n/a;0.0;8.6;0.0;0.0;0.0;0.52;0.078;0.0;0.0;0.0;0.0;0.0;0.0;0.0;0.0;0.0;11;847984;1775700;63;13;21;47;0.0;0.0;0.0
2207;0;3350;1;-81;81;579;n/a;n/a;n/a;0.0;9.3;0.0;0.0;0.0;0.52;0.078;0.0;0.0;0.0;0.0;0.0;0.0;0.0;0.0;0.0;11;847984;1775700;63;13;21;0.0;47;0.0;47
2226;0;3350;1;-81;81;579;n/a;n/a;n/a;0.0;9.9;0.0;0.0;0.0;0.52;0.078;0.0;0.0;0.0;0.0;0.0;0.0;0.0;0.0;0.0;11;847984;1775700;63;0.0;21;47;0.0;0.0;0.0
2245;0;3350;1;-81;81;578;n/a;n/a;n/a;0.0;14;0.0;0.0;0.0;0.52;0.078;0.0;0.0;0.0;0.0;0.0;0.0;0.0;0.0;0.0;11;847984;1775700;63;13;21;0.0;0.0;47;0.0
2264;0;3350;1;-82;82;579;n/a;n/a;n/a;0.0;20;0.0;0.0;0.0;0.52;0.078;0.0;0.0;0.0;0.0;0.0;0.0;0.0;0.0;0.0;11;847984;1775700;63;13;21;47;0.0;0.0;47
2283;0;3350;1;-82;82;579;n/a;n/a;n/a;0.0;21;0.0;0.0;0.0;0.52;0.078;0.0;0.0;0.0;0.0;0.0;0.0;0.0;0.0;0.0;11;847984;1775700;63;12;21;0.0;0.0;0.0;0.0
2302;0;3350;1;-82;82;580;n/a;n/a;n/a;0.0;21;0.0;0.0;0.0;0.52;0.078;0.0;0.0;0.0;0.0;0.0;0.0;0.0;0.0;0.0;11;847984;1775700;63;13;21;0.0;47;0.0;0.0
2321;0;3350;1;-82;82;580;n/a;n/a;n/a;0.0;21;0.0;0.0;0.0;0.52;0.078;0.0;0.0;0.0;0.0;0.0;0.0;0.0;0.0;0.0;11;847984;1775700;63;0.0;21;47;0.0;0.0;0.0
2340;0;3350;1;-82;82;579;n/a;n/a;n/a;0.0;22;0.0;0.0;0.0;0.52;0.078;0.0;0.0;0.0;0.0;0.0;0.0;0.0;0.0;0.0;11;847984;1775700;63;12;21;0.0;0.0;0.0;50
2359;0;3350;1;-82;82;580;n/a;n/a;n/a;0.0;22;0.0;0.0;0.0;0.52;0.078;0.0;0.0;0.0;0.0;0.0;0.0;0.0;0.0;0.0;11;847984;1775700;63;13;21;47;0.0;0.0;0.0
2378;0;3350;1;-82;82;580;n/a;n/a;n/a;0.0;20;0.0;0.0;0.0;0.52;0.078;0.0;0.0;0.0;0.0;0.0;0.0;0.0;0.0;0.0;11;847984;1775700;63;13;21;0.0;0.0;47;0.0
2397;0;3350;1;-82;82;580;n/a;n/a;n/a;0.0;20;0.0;0.0;0.0;0.52;0.078;0.0;0.0;0.0;0.0;0.0;0.0;0.0;0.0;0.0;11;847984;1775700;63;12;21;50;0.0;0.0;0.0
2416;0;3350;1;-82;82;580;n/a;n/a;n/a;0.0;20;0.0;0.0;0.0;0.52;0.078;0.0;0.0;0.0;0.0;0.0;0.0;0.0;0.0;0.0;11;847984;1775700;63;13;21;0.0;47;0.0;47
2435;0;3350;1;-82;82;579;n/a;n/a;n/a;0.0;22;0.0;0.0;0.0;0.52;0.078;0.0;0.0;0.0;0.0;0.0;0.0;0.0;0.0;0.0;11;847984;1775700;63;0.0;21;47;0.0;0.0;0.0
2454;0;3350;1;-82;82;577;n/a;n/a;n/a;0.0;23;0.0;0.0;0.0;0.52;0.078;0.0;0.0;0.0;0.0;0.0;0.0;0.0;0.0;0.0;11;847984;1775700;63;12;21;0.0;0.0;0.0;0.0
2473;0;3350;1;-82;82;577;n/a;n/a;n/a;0.0;22;0.0;0.0;0.0;0.52;0.078;0.0;0.0;0.0;0.0;0.0;0.0;0.0;0.0;0.0;11;847984;1775700;63;13;21;0.0;0.0;0.0;47
2492;0;3350;1;-82;82;577;n/a;n/a;n/a;0.0;21;0.0;0.0;0.0;0.52;0.078;0.0;0.0;0.0;0.0;0.0;0.0;0.0;0.0;0.0;11;847984;1775700;63;13;21;47;47;0.0;0.0
2511;0;3350;1;-82;82;576;n/a;n/a;n/a;0.0;18;0.0;0.0;0.0;0.52;0.078;0.0;0.0;0.0;0.0;0.0;0.0;0.0;0.0;0.0;11;847984;1775700;63;12;21;0.0;0.0;0.0;0.0
2530;0;3350;1;-82;82;577;n/a;n/a;n/a;0.0;18;0.0;0.0;0.0;0.52;0.078;0.0;0.0;0.0;0.0;0.0;0.0;0.0;0.0;0.0;11;847984;1775700;63;0.0;21;50;0.0;50;0.0
#eof
