time;cc;earfcn;pci;rsrp;pl;cfo;pci_neigh;rsrp_neigh;cfo_neigh;dl_mcs;dl_snr;dl_turbo;dl_brate;dl_bler;ul_ta;distance_km;speed_kmph;ul_mcs;ul_buff;ul_brate;ul_bler;rf_o;rf_u;rf_l;is_attached;proc_rmem;proc_rmem_kB;proc_vmem_kB;sys_mem;sys_load;thread_count;cpu_0;cpu_1;cpu_2;cpu_3
19;0;4294967295;0;0.0;0.0;0.0;n/a;n/a;n/a;0.0;0.0;0.0;0.0;0.0;0.0;0.0;0.0;0.0;0.0;0.0;0.0;0.0;0.0;0.0;0.0;10;821592;1439824;63;13;21;0.0;0.0;47;0.0
38;0;4294967295;0;0.0;0.0;0.0;n/a;n/a;n/a;0.0;0.0;0.0;0.0;0.0;0.0;0.0;0.0;0.0;0.0;0.0;0.0;0.0;0.0;0.0;0.0;10;821592;1439824;63;0.0;21;0.0;50;0.0;50
57;0;4294967295;0;0.0;0.0;0.0;n/a;n/a;n/a;0.0;0.0;0.0;0.0;0.0;0.0;0.0;0.0;0.0;0.0;0.0;0.0;0.0;0.0;0.0;0.0;10;821592;1439824;63;0.0;21;50;0.0;50;0.0
76;0;4294967295;0;0.0;0.0;0.0;n/a;n/a;n/a;0.0;0.0;0.0;0.0;0.0;0.0;0.0;0.0;0.0;0.0;0.0;0.0;0.0;0.0;0.0;0.0;10;821592;1439824;63;0.0;21;0.0;0.0;0.0;0.0
95;0;3350;0;0.0;0.0;0.0;n/a;n/a;n/a;0.0;0.0;0.0;0.0;0.0;0.0;0.0;0.0;0.0;0.0;0.0;0.0;0.0;0.0;0.0;0.0;10;821592;1505360;63;4.5;21;9.1;9.1;6.1;12
95;0;3350;1;-83;83;531;n/a;n/a;n/a;0.0;24;0.0;0.0;0.0;0.0;0.0;0.0;0.0;0.0;0.0;0.0;0.0;0.0;0.0;0.0;11;835844;1505360;63;15;21;12;12;41;71
95;0;3350;1;-83;83;540;n/a;n/a;n/a;0.0;22;0.0;0.0;0.0;0.0;0.0;0.0;0.0;0.0;0.0;0.0;0.0;0.0;0.0;0.0;0.0;0;0;0.0;0.0;0;0.0;0.0;0.0;0.0
109;0;3350;1;-83;83;560;n/a;n/a;n/a;0.0;22;0.0;0.0;0.0;0.0;0.0;0.0;0.0;0.0;0.0;0.0;0.0;0.0;0.0;0.0;11;835844;1570896;63;17;21;100;33;33;33
128;0;3350;1;-83;83;575;n/a;n/a;n/a;15;20;1.0;45200.000000;0;0.0;0.0;0.0;0.0;0.0;0.0;0.0;0.0;0.0;0.0;0.0;11;835844;1570896;63;12;21;0.0;0.0;0.0;0.0
147;0;3350;1;-83;83;578;n/a;n/a;n/a;7.0;20;1.0;15619.047852;0;0.0;0.0;0.0;0.0;0.0;0.0;0.0;0.0;0.0;0.0;0.0;11;835844;1636432;63;0.0;21;50;50;50;50
166;0;3350;1;-83;83;578;n/a;n/a;n/a;1.0;19;1.0;0.0;0.0;0.52;0.078;0.0;0.0;0.0;0.0;0;0.0;0.0;0.0;0.0;11;835844;1701968;63;26;21;0.0;0.0;47;47
185;0;3350;1;-83;83;580;n/a;n/a;n/a;6.0;19;1.0;12800.000000;0;0.52;0.078;0.0;0.0;42;2800.000000;0;0.0;0.0;0.0;1.0;11;837688;1701968;63;13;21;47;47;47;47
204;0;3350;1;-83;83;580;n/a;n/a;n/a;0.0;19;0.0;0.0;0.0;0.52;0.078;0.0;0.0;0.0;0.0;0;0.0;0.0;0.0;1.0;11;837688;1701968;63;0.0;21;100;50;50;50
223;0;3350;1;-83;83;579;n/a;n/a;n/a;2.0;20;1.0;10000.000000;0;0.52;0.078;0.0;0.0;11;62800.000000;0;0.0;0.0;0.0;1.0;11;837688;1701968;63;25;21;0.0;0.0;0.0;0.0
242;0;3350;1;-83;83;578;n/a;n/a;n/a;0.0;21;0.0;0.0;0.0;0.52;0.078;0.0;22;0.0;0.0;0;0.0;0.0;0.0;1.0;11;837688;1701968;63;13;21;0.0;0.0;47;47
261;0;3350;1;-83;83;579;n/a;n/a;n/a;2.0;21;1.0;10000.000000;0;0.52;0.078;0.0;22;0.0;206800.000000;0;0.0;0.0;0.0;1.0;11;837688;1701968;63;13;21;47;47;0.0;0.0
280;0;3350;1;-83;83;579;n/a;n/a;n/a;18;21;1.0;53894.738281;0;0.52;0.078;0.0;0.0;34;217684.203125;0;0.0;0.0;0.0;1.0;11;847720;1775700;63;25;22;50;50;50;50
299;0;3350;1;-83;83;579;n/a;n/a;n/a;0.0;21;0.0;0.0;0.0;0.52;0.078;0.0;22;0.0;0.0;0;0.0;0.0;0.0;1.0;11;847720;1775700;63;12;22;100;50;100;100
318;0;3350;1;-83;83;580;n/a;n/a;n/a;0.0;22;1.0;5600.000000;0;0.52;0.078;0.0;0.0;0.0;206800.000000;0;0.0;0.0;0.0;1.0;11;847720;1775700;63;13;22;47;100;47;100
337;0;3350;1;-83;83;579;n/a;n/a;n/a;0.0;21;0.0;0.0;0.0;0.52;0.078;0.0;0.0;0.0;0.0;0.0;0.0;0.0;0.0;1.0;11;847720;1775700;63;12;22;50;50;50;50
356;0;3350;1;-83;83;580;n/a;n/a;n/a;0.0;20;0.0;0.0;0.0;0.52;0.078;0.0;0.0;0.0;0.0;0.0;0.0;0.0;0.0;1.0;11;847720;1775700;63;13;22;47;0.0;0.0;0.0
375;0;3350;1;-83;83;579;n/a;n/a;n/a;0.0;20;0.0;0.0;0.0;0.52;0.078;0.0;0.0;0.0;0.0;0.0;0.0;0.0;0.0;1.0;11;847720;1775700;63;13;22;0.0;0.0;47;0.0
394;0;3350;1;-83;83;580;n/a;n/a;n/a;0.0;20;0.0;0.0;0.0;0.52;0.078;0.0;0.0;0.0;0.0;0.0;0.0;0.0;0.0;1.0;11;847720;1775700;63;13;22;0.0;0.0;0.0;47
413;0;3350;1;-83;83;579;n/a;n/a;n/a;0.0;20;0.0;0.0;0.0;0.52;0.078;0.0;0.0;0.0;0.0;0.0;0.0;0.0;0.0;1.0;11;847720;1775700;63;12;22;0.0;0.0;0.0;0.0
432;0;3350;1;-83;83;579;n/a;n/a;n/a;0.0;20;0.0;0.0;0.0;0.52;0.078;0.0;0.0;0.0;0.0;0.0;0.0;0.0;0.0;1.0;11;847720;1775700;63;13;22;47;47;47;0.0
451;0;3350;1;-83;83;579;n/a;n/a;n/a;0.0;20;1.0;2800.000000;0;1.6;0.23;1875.000122;0.0;0.0;0.0;0.0;0.0;0.0;0.0;1.0;11;847720;1775700;63;12;22;0.0;0.0;0.0;50
470;0;3350;1;-83;83;579;n/a;n/a;n/a;12;19;1.0;29200.000000;0;1.6;0.23;1875.000122;0.0;2.0;0.0;0.0;0.0;0.0;0.0;1.0;11;847720;1775700;63;0.0;22;47;0.0;0.0;0.0
489;0;3350;1;-83;83;579;n/a;n/a;n/a;0.0;19;0.0;0.0;0.0;1.6;0.23;1875.000122;22;0.0;0.0;0;0.0;0.0;0.0;1.0;11;847720;1775700;63;25;22;0.0;50;50;50
508;0;3350;1;-83;83;579;n/a;n/a;n/a;0.0;20;0.0;0.0;0.0;1.6;0.23;1875.000122;0.0;0.0;206800.000000;0;0.0;0.0;0.0;1.0;11;847720;1775700;63;13;22;47;0.0;47;47
527;0;3350;1;-83;83;579;n/a;n/a;n/a;0.0;20;0.0;0.0;0.0;1.6;0.23;1875.000122;0.0;0.0;0.0;0.0;0.0;0.0;0.0;1.0;11;847720;1775700;63;13;22;47;47;0.0;0.0
546;0;3350;1;-83;83;577;n/a;n/a;n/a;0.0;20;0.0;0.0;0.0;1.6;0.23;1875.000122;0.0;0.0;0.0;0.0;0.0;0.0;0.0;1.0;11;847720;1775700;63;13;22;0.0;0.0;47;0.0
565;0;3350;1;-83;83;576;n/a;n/a;n/a;0.0;19;0.0;0.0;0.0;1.6;0.23;1875.000122;0.0;0.0;0.0;0.0;0.0;0.0;0.0;1.0;11;847720;1775700;63;0.0;22;0.0;0.0;0.0;47
584;0;3350;1;-83;83;574;n/a;n/a;n/a;0.0;18;0.0;0.0;0.0;1.6;0.23;1875.000122;0.0;0.0;0.0;0.0;0.0;0.0;0.0;1.0;11;847720;1775700;63;25;22;50;0.0;0.0;0.0
603;0;3350;1;-83;83;575;n/a;n/a;n/a;0.0;19;0.0;0.0;0.0;1.6;0.23;1875.000122;0.0;0.0;0.0;0.0;0.0;0.0;0.0;1.0;11;847720;1775700;63;0.0;22;0.0;0.0;47;0.0
622;0;3350;1;-83;83;575;n/a;n/a;n/a;0.0;18;0.0;0.0;0.0;1.6;0.23;1875.000122;0.0;0.0;0.0;0.0;0.0;0.0;0.0;1.0;11;847720;1775700;63;25;22;0.0;0.0;0.0;50
641;0;3350;1;-83;83;577;n/a;n/a;n/a;0.0;17;0.0;0.0;0.0;1.6;0.23;1875.000122;0.0;0.0;0.0;0.0;0.0;0.0;0.0;1.0;11;847852;1775700;63;0.0;21;47;0.0;0.0;0.0
660;0;3350;1;-83;83;576;n/a;n/a;n/a;0.0;17;0.0;0.0;0.0;1.6;0.23;1875.000122;0.0;0.0;0.0;0.0;0.0;0.0;0.0;1.0;11;847852;1775700;63;26;21;0.0;47;47;0.0
679;0;3350;1;-83;83;576;n/a;n/a;n/a;0.0;17;0.0;0.0;0.0;1.6;0.23;1875.000122;0.0;0.0;0.0;0.0;0.0;0.0;0.0;1.0;11;847852;1775700;63;0.0;21;0.0;0.0;0.0;0.0
698;0;3350;1;-83;83;576;n/a;n/a;n/a;0.0;18;0.0;0.0;0.0;1.6;0.23;1875.000122;0.0;0.0;0.0;0.0;0.0;0.0;0.0;1.0;11;847852;1775700;63;12;21;50;0.0;0.0;50
717;0;3350;1;-83;83;575;n/a;n/a;n/a;0.0;20;0.0;0.0;0.0;1.6;0.23;1875.000122;0.0;0.0;0.0;0.0;0.0;0.0;0.0;1.0;11;847852;1775700;63;12;21;0.0;0.0;50;0.0
736;0;3350;1;-83;83;576;n/a;n/a;n/a;0.0;20;0.0;0.0;0.0;1.6;0.23;1875.000122;0.0;0.0;0.0;0.0;0.0;0.0;0.0;1.0;11;847852;1775700;63;13;21;47;0.0;0.0;0.0
755;0;3350;1;-83;83;575;n/a;n/a;n/a;0.0;21;0.0;0.0;0.0;1.6;0.23;1875.000122;0.0;0.0;0.0;0.0;0.0;0.0;0.0;1.0;11;847852;1775700;63;13;21;0.0;0.0;0.0;47
774;0;3350;1;-83;83;575;n/a;n/a;n/a;0.0;21;0.0;0.0;0.0;1.6;0.23;1875.000122;0.0;0.0;0.0;0.0;0.0;0.0;0.0;1.0;11;847852;1775700;63;12;21;0.0;0.0;50;0.0
793;0;3350;1;-83;83;575;n/a;n/a;n/a;0.0;21;0.0;0.0;0.0;1.6;0.23;1875.000122;0.0;0.0;0.0;0.0;0.0;0.0;0.0;1.0;11;847852;1775700;63;12;21;0.0;50;0.0;0.0
812;0;3350;1;-83;83;575;n/a;n/a;n/a;0.0;19;0.0;0.0;0.0;1.6;0.23;1875.000122;0.0;0.0;0.0;0.0;0.0;0.0;0.0;1.0;11;847852;1775700;63;0.0;21;47;0.0;0.0;0.0
831;0;3350;1;-83;83;575;n/a;n/a;n/a;0.0;18;0.0;0.0;0.0;1.6;0.23;1875.000122;0.0;0.0;0.0;0.0;0.0;0.0;0.0;1.0;11;847852;1775700;63;26;21;0.0;0.0;47;47
850;0;3350;1;-83;83;575;n/a;n/a;n/a;0.0;18;0.0;0.0;0.0;1.6;0.23;1875.000122;0.0;0.0;0.0;0.0;0.0;0.0;0.0;1.0;11;847852;1775700;63;0.0;21;50;0.0;0.0;0.0
869;0;3350;1;-83;83;575;n/a;n/a;n/a;0.0;20;0.0;0.0;0.0;1.6;0.23;1875.000122;0.0;0.0;0.0;0.0;0.0;0.0;0.0;1.0;11;847852;1775700;63;12;21;0.0;0.0;0.0;0.0
888;0;3350;1;-83;83;575;n/a;n/a;n/a;0.0;21;0.0;0.0;0.0;1.6;0.23;1875.000122;0.0;0.0;0.0;0.0;0.0;0.0;0.0;1.0;11;847852;1775700;63;13;21;0.0;0.0;47;47
907;0;3350;1;-83;83;576;n/a;n/a;n/a;0.0;21;0.0;0.0;0.0;1.6;0.23;1875.000122;0.0;0.0;0.0;0.0;0.0;0.0;0.0;1.0;11;847852;1775700;63;12;21;50;0.0;0.0;0.0
926;0;3350;1;-83;83;576;n/a;n/a;n/a;0.0;21;0.0;0.0;0.0;1.6;0.23;1875.000122;0.0;0.0;0.0;0.0;0.0;0.0;0.0;1.0;11;847852;1775700;63;13;21;0.0;0.0;0.0;0.0
945;0;3350;1;-83;83;576;n/a;n/a;n/a;0.0;22;0.0;0.0;0.0;1.6;0.23;1875.000122;0.0;0.0;0.0;0.0;0.0;0.0;0.0;1.0;11;847852;1775700;63;12;21;0.0;50;50;50
964;0;3350;1;-83;83;577;n/a;n/a;n/a;0.0;21;0.0;0.0;0.0;1.6;0.23;1875.000122;0.0;0.0;0.0;0.0;0.0;0.0;0.0;1.0;11;847852;1775700;63;12;21;50;0.0;0.0;0.0
983;0;3350;1;-83;83;577;n/a;n/a;n/a;0.0;22;0.0;0.0;0.0;1.6;0.23;1875.000122;0.0;0.0;0.0;0.0;0.0;0.0;0.0;1.0;11;847852;1775700;63;0.0;21;0.0;0.0;0.0;0.0
1002;0;3350;1;-83;83;577;n/a;n/a;n/a;0.0;22;0.0;0.0;0.0;1.6;0.23;1875.000122;0.0;0.0;0.0;0.0;0.0;0.0;0.0;1.0;11;847852;1775700;63;26;21;47;0.0;47;47
1021;0;3350;1;-83;83;577;n/a;n/a;n/a;0.0;22;0.0;0.0;0.0;1.6;0.23;1875.000122;0.0;0.0;0.0;0.0;0.0;0.0;0.0;1.0;11;847852;1775700;63;13;21;0.0;0.0;0.0;0.0
1040;0;3350;1;-83;83;577;n/a;n/a;n/a;0.0;22;0.0;0.0;0.0;1.6;0.23;1875.000122;0.0;0.0;0.0;0.0;0.0;0.0;0.0;1.0;11;847852;1775700;63;0.0;21;0.0;0.0;0.0;0.0
1059;0;3350;1;-83;83;576;n/a;n/a;n/a;0.0;22;0.0;0.0;0.0;1.6;0.23;1875.000122;0.0;0.0;0.0;0.0;0.0;0.0;0.0;1.0;11;847852;1775700;63;13;21;0.0;47;47;47
1078;0;3350;1;-83;83;575;n/a;n/a;n/a;0.0;22;0.0;0.0;0.0;1.6;0.23;1875.000122;0.0;0.0;0.0;0.0;0.0;0.0;0.0;1.0;11;847852;1775700;63;13;21;47;0.0;0.0;0.0
1097;0;3350;1;-83;83;575;n/a;n/a;n/a;0.0;21;0.0;0.0;0.0;1.6;0.23;1875.000122;0.0;0.0;0.0;0.0;0.0;0.0;0.0;1.0;11;847852;1775700;63;12;21;0.0;0.0;50;0.0
1116;0;3350;1;-83;83;575;n/a;n/a;n/a;0.0;20;0.0;0.0;0.0;1.6;0.23;1875.000122;0.0;0.0;0.0;0.0;0.0;0.0;0.0;1.0;11;847852;1775700;63;0.0;21;47;0.0;0.0;47
1135;0;3350;1;-83;83;574;n/a;n/a;n/a;0.0;21;0.0;0.0;0.0;1.6;0.23;1875.000122;0.0;0.0;0.0;0.0;0.0;0.0;0.0;1.0;11;847852;1775700;63;12;21;0.0;0.0;0.0;0.0
1154;0;3350;1;-83;83;573;n/a;n/a;n/a;0.0;21;0.0;0.0;0.0;1.6;0.23;1875.000122;0.0;0.0;0.0;0.0;0.0;0.0;0.0;1.0;11;847852;1775700;63;25;21;0.0;0.0;0.0;0.0
1173;0;3350;1;-83;83;574;n/a;n/a;n/a;0.0;21;0.0;0.0;0.0;1.6;0.23;1875.000122;0.0;0.0;0.0;0.0;0.0;0.0;0.0;1.0;11;847852;1775700;63;13;21;0.0;0.0;47;0.0
1192;0;3350;1;-83;83;575;n/a;n/a;n/a;0.0;19;0.0;0.0;0.0;1.6;0.23;1875.000122;0.0;0.0;0.0;0.0;0.0;0.0;0.0;1.0;11;847852;1775700;63;12;21;50;0.0;0.0;50
1211;0;3350;1;-83;83;573;n/a;n/a;n/a;0.0;20;0.0;0.0;0.0;1.6;0.23;1875.000122;0.0;0.0;0.0;0.0;0.0;0.0;0.0;1.0;11;847852;1775700;63;13;21;0.0;47;0.0;0.0
1230;0;3350;1;-83;83;574;n/a;n/a;n/a;0.0;20;0.0;0.0;0.0;1.6;0.23;1875.000122;0.0;0.0;0.0;0.0;0.0;0.0;0.0;1.0;11;847852;1775700;63;0.0;21;50;0.0;50;0.0
1249;0;3350;1;-83;83;575;n/a;n/a;n/a;0.0;21;0.0;0.0;0.0;1.6;0.23;1875.000122;0.0;0.0;0.0;0.0;0.0;0.0;0.0;1.0;11;847852;1775700;63;13;21;0.0;0.0;0.0;47
1268;0;3350;1;-83;83;575;n/a;n/a;n/a;0.0;20;0.0;0.0;0.0;1.6;0.23;1875.000122;0.0;0.0;0.0;0.0;0.0;0.0;0.0;1.0;11;847852;1775700;63;12;21;0.0;0.0;0.0;0.0
1287;0;3350;1;-83;83;575;n/a;n/a;n/a;0.0;21;0.0;0.0;0.0;1.6;0.23;1875.000122;0.0;0.0;0.0;0.0;0.0;0.0;0.0;1.0;11;847852;1775700;63;26;21;47;0.0;47;0.0
1306;0;3350;1;-83;83;575;n/a;n/a;n/a;0.0;21;0.0;0.0;0.0;1.6;0.23;1875.000122;0.0;0.0;0.0;0.0;0.0;0.0;0.0;1.0;11;847852;1775700;63;0.0;21;0.0;0.0;0.0;0.0
1325;0;3350;1;-83;83;577;n/a;n/a;n/a;0.0;21;0.0;0.0;0.0;1.6;0.23;1875.000122;0.0;0.0;0.0;0.0;0.0;0.0;0.0;1.0;11;847852;1775700;63;13;21;47;0.0;0.0;47
1344;0;3350;1;-83;83;577;n/a;n/a;n/a;0.0;21;0.0;0.0;0.0;1.6;0.23;1875.000122;0.0;0.0;0.0;0.0;0.0;0.0;0.0;1.0;11;847852;1775700;63;12;21;0.0;0.0;50;0.0
1363;0;3350;1;-83;83;576;n/a;n/a;n/a;0.0;23;0.0;0.0;0.0;1.6;0.23;1875.000122;0.0;0.0;0.0;0.0;0.0;0.0;0.0;1.0;11;847852;1775700;63;13;21;0.0;47;0.0;0.0
1382;0;3350;1;-83;83;576;n/a;n/a;n/a;0.0;23;0.0;0.0;0.0;1.6;0.23;1875.000122;0.0;0.0;0.0;0.0;0.0;0.0;0.0;1.0;11;847852;1775700;63;13;21;47;0.0;0.0;47
1401;0;3350;1;-83;83;578;n/a;n/a;n/a;0.0;21;0.0;0.0;0.0;1.6;0.23;1875.000122;0.0;0.0;0.0;0.0;0.0;0.0;0.0;1.0;11;847852;1775700;63;0.0;21;0.0;0.0;50;0.0
1420;0;3350;1;-83;83;578;n/a;n/a;n/a;0.0;22;0.0;0.0;0.0;1.6;0.23;1875.000122;0.0;0.0;0.0;0.0;0.0;0.0;0.0;1.0;11;847852;1775700;63;26;21;0.0;0.0;0.0;0.0
1439;0;3350;1;-83;83;578;n/a;n/a;n/a;0.0;22;0.0;0.0;0.0;1.6;0.23;1875.000122;0.0;0.0;0.0;0.0;0.0;0.0;0.0;1.0;11;847852;1775700;63;0.0;21;50;0.0;0.0;0.0
1458;0;3350;1;-83;83;577;n/a;n/a;n/a;0.0;22;0.0;0.0;0.0;1.6;0.23;1875.000122;0.0;0.0;0.0;0.0;0.0;0.0;0.0;1.0;11;847852;1775700;63;12;21;0.0;0.0;50;50
1477;0;3350;1;-83;83;577;n/a;n/a;n/a;0.0;22;0.0;0.0;0.0;1.6;0.23;1875.000122;0.0;0.0;0.0;0.0;0.0;0.0;0.0;1.0;11;847852;1775700;63;26;21;47;0.0;0.0;0.0
1496;0;3350;1;-83;83;579;n/a;n/a;n/a;0.0;21;0.0;0.0;0.0;1.6;0.23;1875.000122;0.0;0.0;0.0;0.0;0.0;0.0;0.0;1.0;11;847852;1775700;63;13;21;0.0;47;0.0;0.0
1515;0;3350;1;-83;83;579;n/a;n/a;n/a;0.0;21;0.0;0.0;0.0;1.6;0.23;1875.000122;0.0;0.0;0.0;0.0;0.0;0.0;0.0;1.0;11;847852;1775700;63;0.0;21;0.0;0.0;50;50
1534;0;3350;1;-83;83;580;n/a;n/a;n/a;0.0;21;0.0;0.0;0.0;1.6;0.23;1875.000122;0.0;0.0;0.0;0.0;0.0;0.0;0.0;1.0;11;847852;1775700;63;13;21;47;0.0;0.0;0.0
1553;0;3350;1;-83;83;578;n/a;n/a;n/a;0.0;19;0.0;0.0;0.0;1.6;0.23;1875.000122;0.0;0.0;0.0;0.0;0.0;0.0;0.0;1.0;11;847852;1775700;63;12;21;0.0;0.0;0.0;0.0
1572;0;3350;1;-83;83;580;n/a;n/a;n/a;0.0;19;0.0;0.0;0.0;1.6;0.23;1875.000122;0.0;0.0;0.0;0.0;0.0;0.0;0.0;1.0;11;847852;1775700;63;13;21;0.0;0.0;47;0.0
1591;0;3350;1;-83;83;580;n/a;n/a;n/a;0.0;21;0.0;0.0;0.0;1.6;0.23;1875.000122;0.0;31;0.0;0.0;0.0;0.0;0.0;1.0;11;847852;1775700;63;13;21;0.0;47;0.0;47
1610;0;3350;1;-83;83;580;n/a;n/a;n/a;0.0;21;0.0;0.0;0.0;1.6;0.23;1875.000122;22;0.0;0.0;0;0.0;0.0;0.0;1.0;11;847852;1775700;63;12;21;50;0.0;0.0;0.0
1630;0;3350;1;-83;83;580;n/a;n/a;n/a;2.0;21;1.0;9523.809570;0;1.6;0.23;1875.000122;22;0.0;196952.375000;0;0.0;0.0;0.0;1.0;11;847852;1775700;63;0.0;21;0.0;0.0;50;0.0
1649;0;3350;1;-83;83;580;n/a;n/a;n/a;0.0;21;0.0;0.0;0.0;1.6;0.23;1875.000122;0.0;0.0;217684.203125;0;0.0;0.0;0.0;1.0;11;847852;1775700;63;26;21;47;47;47;47
1668;0;3350;1;-82;82;581;n/a;n/a;n/a;0.0;19;0.0;0.0;0.0;1.6;0.23;1875.000122;0.0;0.0;0.0;0.0;0.0;0.0;0.0;1.0;11;847852;1775700;63;13;21;47;47;47;47
1687;0;3350;1;-81;81;580;n/a;n/a;n/a;0.0;12;0.0;0.0;0.0;1.6;0.23;1875.000122;0.0;0.0;0.0;0.0;0.0;0.0;0.0;0.0;11;847852;1775700;63;12;21;0.0;0.0;50;0.0
1706;0;3350;1;-81;81;580;n/a;n/a;n/a;0.0;9.2;0.0;0.0;0.0;1.6;0.23;1875.000122;0.0;0.0;0.0;0.0;0.0;0.0;0.0;0.0;11;847852;1775700;63;12;21;0.0;50;0.0;50
1725;0;3350;1;-81;81;580;n/a;n/a;n/a;0.0;10;0.0;0.0;0.0;1.6;0.23;1875.000122;0.0;0.0;0.0;0.0;0.0;0.0;0.0;0.0;11;847852;1775700;63;13;21;100;47;47;47
1744;0;3350;1;-81;81;575;n/a;n/a;n/a;0.0;11;0.0;0.0;0.0;1.6;0.23;1875.000122;0.0;0.0;0.0;0.0;0.0;0.0;0.0;0.0;11;847852;1775700;63;13;21;0.0;0.0;47;0.0
1763;0;3350;1;-81;81;577;n/a;n/a;n/a;0.0;12;0.0;0.0;0.0;1.6;0.23;1875.000122;0.0;0.0;0.0;0.0;0.0;0.0;0.0;0.0;11;847852;1775700;63;12;21;0.0;50;0.0;0.0
1782;0;3350;1;-81;81;578;n/a;n/a;n/a;0.0;10;0.0;0.0;0.0;1.6;0.23;1875.000122;0.0;0.0;0.0;0.0;0.0;0.0;0.0;0.0;11;847852;1775700;63;12;21;0.0;0.0;0.0;0.0
1801;0;3350;1;-81;81;586;n/a;n/a;n/a;0.0;11;0.0;0.0;0.0;1.6;0.23;1875.000122;0.0;0.0;0.0;0.0;0.0;0.0;0.0;0.0;11;847852;1775700;63;12;21;50;0.0;50;50
1820;0;3350;1;-81;81;582;n/a;n/a;n/a;0.0;11;0.0;0.0;0.0;1.6;0.23;1875.000122;0.0;0.0;0.0;0.0;0.0;0.0;0.0;0.0;11;847852;1775700;63;0.0;21;0.0;47;0.0;0.0
1839;0;3350;1;-81;81;578;n/a;n/a;n/a;0.0;11;0.0;0.0;0.0;1.6;0.23;1875.000122;0.0;0.0;0.0;0.0;0.0;0.0;0.0;0.0;11;847852;1775700;63;26;21;0.0;47;47;0.0
1858;0;3350;1;-81;81;580;n/a;n/a;n/a;0.0;9.6;0.0;0.0;0.0;1.6;0.23;1875.000122;0.0;0.0;0.0;0.0;0.0;0.0;0.0;0.0;11;847852;1775700;63;12;21;0.0;0.0;0.0;0.0
1877;0;3350;1;-81;81;581;n/a;n/a;n/a;0.0;10;0.0;0.0;0.0;1.6;0.23;1875.000122;0.0;0.0;0.0;0.0;0.0;0.0;0.0;0.0;11;847852;1775700;63;0.0;21;50;0.0;0.0;50
1896;0;3350;1;-81;81;583;n/a;n/a;n/a;0.0;9.5;0.0;0.0;0.0;1.6;0.23;1875.000122;0.0;0.0;0.0;0.0;0.0;0.0;0.0;0.0;11;847852;1775700;63;25;21;0.0;50;50;0.0
1915;0;3350;1;-81;81;581;n/a;n/a;n/a;0.0;10;0.0;0.0;0.0;1.6;0.23;1875.000122;0.0;0.0;0.0;0.0;0.0;0.0;0.0;0.0;11;847852;1775700;63;0.0;21;0.0;0.0;0.0;0.0
1934;0;3350;1;-81;81;576;n/a;n/a;n/a;0.0;10;0.0;0.0;0.0;1.6;0.23;1875.000122;0.0;0.0;0.0;0.0;0.0;0.0;0.0;0.0;11;847852;1775700;63;13;21;0.0;0.0;0.0;0.0
1953;0;3350;1;-81;81;574;n/a;n/a;n/a;0.0;10;0.0;0.0;0.0;1.6;0.23;1875.000122;0.0;0.0;0.0;0.0;0.0;0.0;0.0;0.0;11;847852;1775700;63;13;21;47;47;47;47
1972;0;3350;1;-81;81;570;n/a;n/a;n/a;0.0;10;0.0;0.0;0.0;1.6;0.23;1875.000122;0.0;0.0;0.0;0.0;0.0;0.0;0.0;0.0;11;847852;1775700;63;12;21;0.0;0.0;0.0;0.0
1991;0;3350;1;-81;81;576;n/a;n/a;n/a;0.0;11;0.0;0.0;0.0;1.6;0.23;1875.000122;0.0;0.0;0.0;0.0;0.0;0.0;0.0;0.0;11;847852;1775700;63;13;21;0.0;0.0;47;0.0
2010;0;3350;1;-81;81;576;n/a;n/a;n/a;0.0;10;0.0;0.0;0.0;1.6;0.23;1875.000122;0.0;0.0;0.0;0.0;0.0;0.0;0.0;0.0;11;847852;1775700;63;13;21;47;0.0;0.0;47
2029;0;3350;1;-81;81;581;n/a;n/a;n/a;0.0;10;0.0;0.0;0.0;1.6;0.23;1875.000122;0.0;0.0;0.0;0.0;0.0;0.0;0.0;0.0;11;847852;1775700;63;0.0;21;0.0;47;0.0;0.0
2048;0;3350;1;-81;81;577;n/a;n/a;n/a;0.0;9.4;0.0;0.0;0.0;1.6;0.23;1875.000122;0.0;0.0;0.0;0.0;0.0;0.0;0.0;0.0;11;847852;1775700;63;12;21;0.0;0.0;50;0.0
2067;0;3350;1;-81;81;574;n/a;n/a;n/a;0.0;9.9;0.0;0.0;0.0;1.6;0.23;1875.000122;0.0;0.0;0.0;0.0;0.0;0.0;0.0;0.0;11;847852;1775700;63;12;21;0.0;0.0;0.0;0.0
2086;0;3350;1;-82;82;576;n/a;n/a;n/a;0.0;13;0.0;0.0;0.0;1.6;0.23;1875.000122;0.0;0.0;0.0;0.0;0.0;0.0;0.0;0.0;11;847852;1775700;63;25;21;50;50;0.0;50
2105;0;3350;1;-83;83;577;n/a;n/a;n/a;0.0;21;0.0;0.0;0.0;1.6;0.23;1875.000122;0.0;0.0;0.0;0.0;0.0;0.0;0.0;0.0;11;847852;1775700;63;0.0;21;0.0;0.0;0.0;0.0
2124;0;3350;1;-83;83;577;n/a;n/a;n/a;0.0;22;0.0;0.0;0.0;1.6;0.23;1875.000122;0.0;0.0;0.0;0.0;0.0;0.0;0.0;0.0;11;847852;1775700;63;25;21;0.0;0.0;50;0.0
2143;0;3350;1;-83;83;578;n/a;n/a;n/a;0.0;21;0.0;0.0;0.0;1.6;0.23;1875.000122;0.0;0.0;0.0;0.0;0.0;0.0;0.0;0.0;11;847852;1775700;63;0.0;21;0.0;0.0;0.0;0.0
2162;0;3350;1;-82;82;577;n/a;n/a;n/a;0.0;16;0.0;0.0;0.0;1.6;0.23;1875.000122;0.0;0.0;0.0;0.0;0.0;0.0;0.0;0.0;11;847852;1775700;63;13;21;47;47;0.0;0.0
2181;0;3350;1;-80;80;565;n/a;n/a;n/a;0.0;9.2;0.0;0.0;0.0;1.6;0.23;1875.000122;0.0;0.0;0.0;0.0;0.0;0.0;0.0;0.0;11;847852;1775700;63;12;21;0.0;0.0;50;50
2200;0;3350;1;-81;81;578;n/a;n/a;n/a;0.0;8.5;0.0;0.0;0.0;1.6;0.23;1875.000122;0.0;0.0;0.0;0.0;0.0;0.0;0.0;0.0;11;847852;1775700;63;13;21;0.0;0.0;0.0;0.0
2219;0;3350;1;-80;80;576;n/a;n/a;n/a;0.0;7.8;0.0;0.0;0.0;1.6;0.23;1875.000122;0.0;0.0;0.0;0.0;0.0;0.0;0.0;0.0;11;847852;1775700;63;13;21;0.0;47;47;0.0
2238;0;3350;1;-80;80;579;n/a;n/a;n/a;0.0;7.4;0.0;0.0;0.0;1.6;0.23;1875.000122;0.0;0.0;0.0;0.0;0.0;0.0;0.0;0.0;11;847852;1775700;63;13;21;0.0;0.0;0.0;47
2257;0;3350;1;-80;80;585;n/a;n/a;n/a;0.0;7.4;0.0;0.0;0.0;1.6;0.23;1875.000122;0.0;0.0;0.0;0.0;0.0;0.0;0.0;0.0;11;847852;1775700;63;0.0;21;47;0.0;0.0;0.0
2276;0;3350;1;-81;81;584;n/a;n/a;n/a;0.0;8.0;0.0;0.0;0.0;1.6;0.23;1875.000122;0.0;0.0;0.0;0.0;0.0;0.0;0.0;0.0;11;847852;1775700;63;12;21;0.0;50;50;0.0
2295;0;3350;1;-80;80;577;n/a;n/a;n/a;0.0;7.9;0.0;0.0;0.0;1.6;0.23;1875.000122;0.0;0.0;0.0;0.0;0.0;0.0;0.0;0.0;11;847852;1775700;63;26;21;0.0;0.0;0.0;0.0
2314;0;3350;1;-81;81;578;n/a;n/a;n/a;0.0;8.6;0.0;0.0;0.0;1.6;0.23;1875.000122;0.0;0.0;0.0;0.0;0.0;0.0;0.0;0.0;11;847852;1775700;63;0.0;21;0.0;0.0;0.0;0.0
2333;0;3350;1;-81;81;579;n/a;n/a;n/a;0.0;9.5;0.0;0.0;0.0;1.6;0.23;1875.000122;0.0;0.0;0.0;0.0;0.0;0.0;0.0;0.0;11;847852;1775700;63;13;21;47;0.0;47;47
2352;0;3350;1;-81;81;577;n/a;n/a;n/a;0.0;8.9;0.0;0.0;0.0;1.6;0.23;1875.000122;0.0;0.0;0.0;0.0;0.0;0.0;0.0;0.0;11;847852;1775700;63;13;21;0.0;47;0.0;0.0
2371;0;3350;1;-82;82;579;n/a;n/a;n/a;0.0;11;0.0;0.0;0.0;1.6;0.23;1875.000122;0.0;0.0;0.0;0.0;0.0;0.0;0.0;0.0;11;847852;1775700;63;0.0;21;0.0;0.0;0.0;0.0
2390;0;3350;1;-82;82;578;n/a;n/a;n/a;0.0;14;0.0;0.0;0.0;1.6;0.23;1875.000122;0.0;0.0;0.0;0.0;0.0;0.0;0.0;0.0;11;847852;1775700;63;13;21;0.0;0.0;47;0.0
2409;0;3350;1;-80;80;577;n/a;n/a;n/a;0.0;9.3;0.0;0.0;0.0;1.6;0.23;1875.000122;0.0;0.0;0.0;0.0;0.0;0.0;0.0;0.0;11;847852;1775700;63;26;21;47;0.0;0.0;47
2428;0;3350;1;-80;80;584;n/a;n/a;n/a;0.0;8.5;0.0;0.0;0.0;1.6;0.23;1875.000122;0.0;0.0;0.0;0.0;0.0;0.0;0.0;0.0;11;847852;1775700;63;0.0;21;0.0;50;0.0;0.0
2447;0;3350;1;-82;82;578;n/a;n/a;n/a;0.0;15;0.0;0.0;0.0;1.6;0.23;1875.000122;0.0;0.0;0.0;0.0;0.0;0.0;0.0;0.0;11;847852;1775700;63;13;21;0.0;0.0;47;0.0
2466;0;3350;1;-83;83;580;n/a;n/a;n/a;0.0;20;0.0;0.0;0.0;1.6;0.23;1875.000122;0.0;0.0;0.0;0.0;0.0;0.0;0.0;0.0;11;847852;1775700;63;12;21;0.0;0.0;0.0;0.0
2485;0;3350;1;-83;83;580;n/a;n/a;n/a;0.0;20;0.0;0.0;0.0;1.6;0.23;1875.000122;0.0;0.0;0.0;0.0;0.0;0.0;0.0;0.0;11;847852;1775700;63;12;21;50;50;0.0;50
2504;0;3350;1;-83;83;580;n/a;n/a;n/a;0.0;20;0.0;0.0;0.0;1.6;0.23;1875.000122;0.0;0.0;0.0;0.0;0.0;0.0;0.0;0.0;11;847852;1775700;63;0.0;21;0.0;0.0;50;0.0
2523;0;3350;1;-83;83;580;n/a;n/a;n/a;0.0;20;0.0;0.0;0.0;1.6;0.23;1875.000122;0.0;0.0;0.0;0.0;0.0;0.0;0.0;0.0;11;847852;1775700;63;13;21;0.0;0.0;0.0;0.0
#eof
